3.000000 null 3.000000 5.000000 0 -1
1.000000 6.250000 2.000000 5.750000 2 -1
3.000000 6.250000 2.000000 5.750000 -2 -1
3.000000 6.250000 4.000000 5.750000 2 -1
5.000000 6.250000 4.000000 5.750000 -2 -1
2.000000 5.750000 2.000000 3.000000 0 -2
4.000000 5.750000 4.000000 3.000000 0 -2
2.000000 4.250000 3.000000 3.750000 2 -1
4.000000 4.250000 3.000000 3.750000 -2 -1
1.000000 6.250000 null null -2 1
2.000000 4.250000 null null -2 -1
3.000000 3.750000 null null 0 -2
4.000000 4.250000 null null 2 -1
5.000000 6.250000 null null 2 1
